+6281211995373
+6281214777567
+6281215954330
+6281216806329
+6281222137910
+6281226817195
+6281248620129
+6281251559289
+6281252071706
+6281260746686
+6281264779290
+628126880700
+6281271165761
+6281274178448
+6281274201938
+6281277289464
+6281318528494
+628132099753
+6281321713960
+6281326457767
+6281328331684
+6281343971932
+6281347978230
+6281351779273
+6281353260656
+6281362304575
+6281372228467
+6281375375964
+628138910710
+6281391951857
+628139570108
+6281397724218
+6281411120247
+6281511921844
+6281529435317
+6281538700381
+6281556491429
+628161615603
+6281649512924
+62817429135
+6281916399690
+6282113452909
+6282114341423
+6282115242259
+6282118102825
+6282120101587
+6282121229425
+6282130147877
+6282135829939
+6282139349110
+6282155214703
+6282166253284
+6282176471495
+6282180722425
+6282211839128
+6282230902626
+6282232428470
+6282241139260
+6282251238335
+6282253713665
+6282268224587
+6282276218384
+6282277365359
+6282279086409
+6282281987831
+6282282899575
+6282292295825
+6282297485170
+6282311992396
+6282312571865
+6282320825201
+6282320881377
+6282322227693
+6282334689356
+6282336166226
+6282339800917
+6282341435980
+6282342251676
+6282345835963
+6283116881795
+6283128595846
+6283146825485
+6283153112144
+6283161975474
+6283168006524
+6283168187866
+6283168472037
+6283171713673
+6283192602245
+6283801707231
+6283803486092
+6283841761447
+6283852306667
+6283863262620
+6283875053218
+6283899146463
+6285119088614
+6285122945098
+6285123186635
+6285167460504
+6285172070012
+6285184842053
+6285191108179
+6285194475234
+6285200353358
+6285204567231
+6285211514811
+6285215199454
+6285215549801
+6285235579418
+6285244551426
+6285247570791
+6285251718398
+6285265578303
+6285270286788
+6285272060461
+6285273944292
+6285282745654
+6285283002662
+6285295043053
+6285339116522
+6285375751255
+6285376083630
+6285377352852
+6285381191811
+6285601941458
+628563436082
+6285643414677
+6285649056612
+6285692987593
+6285700873020
+6285702276572
+6285704506038
+6285707341591
+6285717088508
+6285717472956
+6285727724731
+6285736631051
+6285742422729
+6285749619091
+6285760113004
+6285760772454
+6285774604587
+6285775031524
+6285776343633
+6285776862256
+6285779619692
+6285780590261
+6285781023944
+6285802649500
+6285810471947
+6285810843398
+6285811536138
+6285812531561
+6285814764144
+6285817535057
+6285819813830
+6285820512857
+6285848313207
+6285859731704
+6285869021488
+6285872332515
+6285872546010
+6285878930844
+6285934478118
+6285941268774
+6287728075420
+6287750114007
+6287825800172
+6287880003495
+6287886857882
+62881024665573
+628813009202
+628815622339
+62882002970512
+62882008315997
+62882008872419
+6288214596480
+6288220161777
+6288229088082
+6288293459269
+6288294385802
+6288295831315
+628873391933
+628876680015
+6288806370161
+6289508018751
+6289508159796
+6289520201990
+6289525050702
+6289529159833
+62895320277789
+62895367818470
+62895397906951
+62895397914169
+62895402237314
+62895406830106
+62895425217915
+6289601583231
+6289604217047
+6289616610721
+6289629909795
+6289630550134
+6289634286432
+6289646658053
+6289657838466
+6289672470812
+6289673338117
+6289676528439
+6289699398221
+628972309716
+628979607754
